lat: 51.47050477336687
lon: -112.75212591816953
