lat: 45.3854266
lon: -75.6978979
