lat: 45.384955106551864
lon: -75.69852093823896
