lat: 45.3852367373333
lon: -75.69838012227287