lat: 45.3850939
lon: -75.6984166
