lat: 45.3853272
lon: -75.6982630
